0
1000
2
1702803237
-685110122
1517566982
1918061247
1368775034
-487786166
66927828
-1786318902
684483038
1648047133
-1327126111
252797108
-430122480
702424509
683206901
-2005471783
-1700187760
-1792294057
1159517122
1677091079
1260145853
-1106480616
1282157716
324433576
1739387166
-612557072
-249244154
-1448131290
-659381505
11832984
1985903735
-2007484790
-911062976
1140795862
-74078466
1317632102
-1714314136
-1680553473
912417690
-490076683
1308492288
652233149
1450246829
1664200832
-1530684130
-1058480622
-1702455893
-2011641342
1972937535
-1492550756
1405232398
-230337009
1580719194
-240989158
31904141
-2076187407
1171542321
104364078
-1752542068
880311571
-525303063
254986596
1120310229
1300641442
-466024483
2139744370
-1245430648
1230138736
-580148818
-1393542207
1969199440
-173363940
-967761762
1617275436
981997527
1522711408
1289857054
-1418344953
-1207029381
-1864211191
-753915740
1677665378
-778392767
-669978563
775103170
-243112819
1824874761
-2058724808
281937780
-371479585
-504295421
-1024933272
1713359289
-1338926669
-1024142239
1739499547
537949540
2081486771
955469390
-544940443
-2023694541
6072920
-599088610
80304711
-795033056
1043178928
1351075782
-147177716
-276767241
-818484638
2113592717
945474806
-1819546840
1241370351
1378972163
1122375194
747272158
7805242
192346418
1035836808
1784349263
-1281512374
952819987
-2130688850
287892565
1688194637
2059336003
936913661
942793789
-359904545
1504190966
827614156
907247327
-1573325428
230061611
-930240899
131743470
1907380371
757687585
-291283747
-388057711
2030853100
-551063799
-1307528240
-299833294
1954599052
1711831292
-458255827
-1316206699
-692630553
-1117983697
-1497785882
-1382317013
-1815859274
1173034084
-277506196
-1451961433
203635194
1602187683
-1639840943
638352337
1620515136
-1526468311
110328366
-681265509
330793253
-1105378911
1099452102
-421575823
1621984028
1372370577
908106347
-1509541419
1079390062
982019862
1077702560
-243863254
587186818
1159902164
-1938287873
1391661519
-579476898
1274331175
-1374134691
-716627089
-531255187
-1504679267
314028587
-435737450
1089123202
-1669373784
-679077601
-721471608
1600249372
-1043469937
469074450
-640757682
-1892666133
-611687258
1473590315
-1323839472
1482611091
-457050434
-177348291
522848682
-79266385
236329694
-1654523283
163752824
1616937496
-2037511630
1210854168
-1887475084
-1686878618
-788385981
1917853171
116443779
2026597558
1223628904
1257238643
840439819
75503021
-731865732
-1833240466
450029256
-1146857283
511519952
961593345
-226547232
-1120764762
-767265949
-746759244
1077950772
1101640768
1452528720
1667399388
-2030151688
1144218486
1723229063
-554503616
197103749
1265184917
1693276095
-1889775361
1334966637
-762026554
2042177451
391458736
1127004112
-356292903
-92617109
1426330059
-420588819
1033518915
1602728773
-1063923386
1966353659
-426800023
1816318100
-1864344445
-126864071
1519863839
1853306368
769191528
924788547
1448163178
1951494638
192095439
-1357714521
266928525
-1926828486
1357945121
1151987128
-2144193725
268594211
-151068867
-1161463135
-831868344
652725126
-1266938211
-1159823940
-676174562
-1640984241
-191350341
2058956324
-2031152371
126214444
-1685293135
204308872
-1749041046
1729355394
-410622945
1417902146
1335036700
-623007580
-1141819056
423597735
1462258523
1725457986
-63706977
-1590878304
-721716037
1877414943
-896674537
255386745
580399977
-1959261434
-298707879
-494354951
1674584499
1780510974
-614770238
1231618738
462811597
-1818162756
-955191348
610963097
-821725231
-1081927080
1761043380
2040606680
1479442439
1790137411
101566301
-2036626206
-1211646618
1013709689
-1310544524
-945104952
-1018979237
522107890
1591362516
-308157749
-1004995128
1243734621
-70176726
1838705201
162405966
-1725174768
66982620
-1044863141
561262031
1608753721
934138918
-1813348073
883317550
-914738087
-1080746106
1955654963
1225218136
-643299853
1932767578
-708618414
1847892616
1421616000
-211002682
1068900610
1532418758
1794740901
2134826971
-492663028
-1876190544
-1350766169
-138472459
783267854
-1856261764
127408670
876009572
677595207
-1943067332
876133096
907469133
289025714
829346916
-422961824
-936090414
1299613525
1812509577
-44987952
-871360400
1664177882
781427563
965213987
-1127931735
-2003571874
-1439947979
866857438
2013583074
-1861880184
418603778
1189807697
74353037
-1873103651
-485590365
301464073
266377866
1087944275
1318832287
-443928440
575840202
-224584669
1844493690
335550263
-929142219
1905549283
1808963386
-1280387941
815273678
542111699
1065406758
-1469188409
590581267
1386310774
-762295344
59446545
-327674455
1616425828
-1795002026
1122588936
1776867384
-1341332642
-1057760796
735847077
554928020
682857891
1257387132
-611632193
1197767964
-1338210175
-691963911
-794669372
208796775
313284398
1851039824
-1074490203
652639260
1770674904
440302617
-1025970670
-1538516704
-1138554631
-1943843251
428989415
-1149659145
-2023660816
-2063841199
1230506725
-226256797
1830243021
2122981427
-1277860187
1109057361
-810167956
-513521870
4843464
459987701
1173606852
-68778877
1551012211
-786840269
-621646464
1243019346
-2207238
37619776
273956559
-138753274
-1360807206
1295174025
-1179298952
-328201015
-1507474451
-361775405
-1992342224
-100169401
1002769880
1797697955
-1795816657
-943615051
859723719
-424979233
554639616
-306376940
-1009902500
2060472500
-1905344872
51918518
1648134628
1622059194
-1165861462
-1959335167
-1384887861
-1761943466
1214462009
463111794
1283050321
-2023915168
-407966610
1878228708
-209713794
997910789
-2061594197
-1646962926
808641619
-89096467
-2133751073
687449178
-1977690815
827046559
1069722140
1418144963
648029919
-1620993244
909343078
-241278655
-1623445546
917730538
2034416844
-675497929
1894871327
511195627
-341802564
-1399018436
707471216
-944791538
-1247588461
793797409
-958922765
924240333
1093094772
-1448001229
-169155527
-248752873
-824610470
-870388547
-58191507
-1288965001
-1440871313
506234320
-1332744500
667416180
1407404189
1937970757
1767659348
-2115412165
-660247707
-752058878
-1852028229
-1322944389
603189744
-655728771
-1283114590
891419536
287562339
1886441598
-665820918
1292843491
1456254583
-1986735320
141420806
-521017457
779297607
-151332039
-1170294094
1911319624
-862100884
2127684496
1421951331
659676792
-1128640442
1928058863
1504480031
-1639248726
-251239524
592205570
-1036485553
192428331
-1775377817
-1470951264
42535603
-142578706
1444255722
-667466673
-1667386475
53051056
-634365946
-2099370995
1007001921
-1415428260
-849812533
258875213
-1028901965
-1638234961
-326302894
1553816127
874045586
1398436127
-1906317111
-539372204
-222781859
130424824
1741107406
-1001518847
-1451864349
-564721464
-884534271
-1850934846
-1773478664
-1822923523
-1833460268
1205667937
-1077608091
1801012172
-853148508
4784759
722723616
-1986955181
-151896307
-334285005
421463740
-886782463
1400574585
-673278886
183058722
1631711029
716068602
1721634702
656646529
1406241317
2062457945
-1524965422
531662466
-1555906559
-1104487313
-471446708
-450473280
407001687
-519633230
1702104397
56915063
-972373320
-2117521134
510040206
340046971
-1916675940
329810437
-957957700
664666218
1766048130
123217888
-780902857
-1586682844
671618907
-1669729943
-1909030123
-481614213
2076252456
1447648169
497848428
346045735
2049622497
562637061
-1425824560
-1333949444
7989657
1204475279
1232508186
-940104866
-113650466
633896089
1497867371
2004546036
1500042853
-453049461
1682913392
741907867
-1819613465
-314597898
1342901734
2138666909
963860293
1858928360
-1211256480
-1878589406
-302710542
-368456831
1701199944
-2135839514
-1598383983
1812144838
-1651198429
-1242503381
1048512220
-528789835
1075792408
1588622577
-1862800440
935719576
1168220338
82755940
1782755302
-1576514914
-1485384220
1158854806
2043070476
260395174
883663693
1175923310
1116081972
-674833826
-1040832834
1008003295
-1224844637
-1930296180
-964358920
-1315695268
2068687949
-693731413
475014329
-845131382
-579033225
-844262983
-860840455
-2078095561
1005136798
-524885681
-1582859920
-20956278
-49989225
1202609649
1973218396
1973985660
-130251017
-2011702873
-959726464
-1264001146
1880449972
1855072204
87545967
816233627
-1748511220
560780581
171945994
-1749407655
1288704165
-614937291
-1949560506
1503023738
-844126475
1424851150
-1826976462
-1440201328
207823843
-1656659477
-1269126856
-864552719
-347609426
-429012803
689332386
322178543
-2004325874
-1211918845
-136136096
1981787212
1692621208
-1107876194
-128092409
320680428
17045862
-1763742620
-11986147
-1777882676
-1226202122
332218420
-1813456493
-1355268558
1967317586
1883062601
-1043193198
1152653862
1467343473
1677186515
1904335482
1758621216
1081708509
483926211
-94405337
-772699134
-419442027
1990983910
-1430736523
1020087880
-1863829452
-198415051
-505147130
-310886787
-523138223
1546568298
643967042
1025257200
86179113
-1759193642
-1178602850
-1816249432
-1572092549
-1274355343
1852725025
1351444116
1954700467
1715445042
-1795790556
1744978694
-1103449014
-122414687
1579839833
143221858
-1440935572
-1817825366
-76545267
2077852690
935161306
-772695629
-2059427407
129077948
-1544715503
1597049327
1991948950
-2083903305
1854006188
-1582706188
-1811876105
663292346
-1174092026
261222283
-738579908
532459478
1012362019
-1746300218
1708810365
1720783269
-336777009
-1457622696
-352726716
760092611
39441927
-1673495776
1190312598
-1417448067
1956541080
938787846
110323764
290248904
708254470
1137489674
-497882338
-1785420427
-1348121169
-1066080614
-1629797032
-2064994399
-296645074
-594538973
-568062481
-454579855
1281413892
-1907877655
-238759618
-1167247361
297838965
1340621339
-1948864147
-2120359025
-965266513
-1485790687
724634426
-1670949115
-1888328399
1061469497
977609467
-886267237
484712810
-1642338495
966335971
-2117765682
770646176
1198756053
-1474114684
-1528658791
-884818157
-651112036
549913492
-264860699
1401035362
-937442337
-850748429
-1480152769
456466732
-1328249509
-1739703572
-306447925
1825077498
-430247593
-1312912966
-46418824
-32809381
1767860215
129403726
-244698252
-1243028656
-1035192622
1365908303
-1458528030
-1056165910
746354371
2123028834
-1163642166
1022732593
22967036
-1678113621
1961452113
419504712
-1653805728
448662418
895216169
-2110030898
-544746480
2019218377
1110005834
870864262
-1968554938
1813511822
421596897
830387769
-209406366
1404087597
1120505993
-1175597606
-1939845310
-946042423
537482168
224998891
-1289760042
735713370
2093275515
-384936929
343548914
706647033
-1984234651
1286259521
-1914585755
902814811
117679300
1090905684
-1841647541
1030829978
505703190
1452149242
633451423
947121211
-1577993797
-2022983655
-795076332
1340667756
178947307
50602427
-961430748
1956733837
-1457014807
1176355637
-1544603544
-1843461391
-1009266056
1080600203
-1088417750
2073006821
-556635762
1214113810
1349874744
-1154970896
-1932099769
1199595863
-1530403845
-1529209764
1019340316
88251967
-789650233
1202988533
1698636628
1416921199
-496276621
-306175984
-901086022
1482503405
1230424876
-457227058
-452567665
835477511
609303942
-345212767
1902223042
1672979315
