1
100
2
1702803237
-685110122
1517566982
1918061247
1368775034
-487786166
66927828
-1786318902
684483038
1648047133
-1327126111
252797108
-430122480
702424509
683206901
-2005471783
-1700187760
-1792294057
1159517122
1677091079
1260145853
-1106480616
1282157716
324433576
1739387166
-612557072
-249244154
-1448131290
-659381505
11832984
1985903735
-2007484790
-911062976
1140795862
-74078466
1317632102
-1714314136
-1680553473
912417690
-490076683
1308492288
652233149
1450246829
1664200832
-1530684130
-1058480622
-1702455893
-2011641342
1972937535
-1492550756
1405232398
-230337009
1580719194
-240989158
31904141
-2076187407
1171542321
104364078
-1752542068
880311571
-525303063
254986596
1120310229
1300641442
-466024483
2139744370
-1245430648
1230138736
-580148818
-1393542207
1969199440
-173363940
-967761762
1617275436
981997527
1522711408
1289857054
-1418344953
-1207029381
-1864211191
-753915740
1677665378
-778392767
-669978563
775103170
-243112819
1824874761
-2058724808
281937780
-371479585
-504295421
-1024933272
1713359289
-1338926669
-1024142239
1739499547
537949540
2081486771
955469390
-544940443
